INSERT INTO  tbl_Filme_e_Ator VALUES (1,1)
										(1,1)
										(1,1)
										(1,1)
										(1,1)
										(1,1)
										(1,1)
										(1,1)
										(1,1)
										(1,1)
										(1,1)
										(1,1)
										(1,1)
										(1,1)
										(1,1)
										(1,1)
										(1,1)
										(1,1)
										(1,1)
										(1,1)
										(1,1)
										(1,1)
										(1,1)
										(1,1)
										(1,1)
										(1,1)
										(1,1)
										(1,1)
										(1,1)
										(1,1);